11.047041000000002      0.0
12.3837516              0.00214
11.780755844212958      0.00428
9.900954084855911       0.00642
9.90060544387216        0.00856
9.907179763205997       0.0107
9.48950404141619        0.012839999999999999
11.77833282014204       0.014979999999999999
9.897816667581957       0.01712
11.77552985027252       0.01926
10.41580794752737       0.0214
10.414414258077876      0.02354
9.428887103114908       0.025679999999999998
10.799661788561137      0.027819999999999998
8.43734266623176        0.029959999999999997
9.423908263791935       0.0321
10.40525052959886       0.03424
11.759618534329478      0.03638
9.56091833469544        0.038520000000000006
9.924669216508505       0.04066000000000001
9.363355321567688       0.04280000000000001
11.748181070351315      0.044940000000000015
9.810887807759798       0.04708000000000002
9.355251118854222       0.04922000000000002
9.80481240856718        0.051360000000000024
11.7336355179112        0.05350000000000003
9.864790669788608       0.05564000000000003
9.79467410662386        0.05778000000000003
9.388616472610947       0.059920000000000036
9.335521095590726       0.06206000000000004
9.88862280216941        0.06420000000000003
9.838703746854367       0.06634000000000004
11.701417674774978      0.06848000000000004
8.386725744457765       0.07062000000000004
10.728078396287815      0.07276000000000005
9.76166072921966        0.07490000000000005
9.355922383341037       0.07704000000000005
10.946752309160352      0.07918000000000006
10.94113728628991       0.08132000000000006
9.576108677859365       0.08346000000000006
8.35747788407612        0.08560000000000006
9.166687429365387       0.08774000000000007
9.276840137784818       0.08988000000000007
11.636042207996923      0.09202000000000007
9.314996061842946       0.09416000000000008
9.699691959527781       0.09630000000000008
9.738992475682927       0.09844000000000008
9.248552104870038       0.10058000000000009
11.599278843024994      0.10272000000000009
11.670217546798755      0.10486000000000009
9.51198807044822        0.1070000000000001
11.654185945338055      0.1091400000000001
10.60034058505308       0.1112800000000001
9.095948762594881       0.1134200000000001
9.423780674780387       0.11556000000000011
9.641818280572263       0.11770000000000011
9.634458595169358       0.11984000000000011
11.52462090258071       0.12198000000000012
8.256798193866146       0.12412000000000012
9.269566258945625       0.12626000000000012
12.43172930724902       0.12840000000000013
12.421381957876521      0.13054000000000013
9.193589045231022       0.13268000000000013
11.545017135446667      0.13482000000000013
9.562522061565833       0.13696000000000014
8.208020438709008       0.13910000000000014
10.724332837411458      0.14124000000000014
10.108054136467082      0.14338000000000015
9.597138377964827       0.14552000000000015
11.405332613647207      0.14766000000000015
10.079509666515655      0.14980000000000016
10.673906127644672      0.15194000000000016
11.448901793538468      0.15408000000000016
11.437488969940771      0.15622000000000016
9.259244892813943       0.15836000000000017
10.403599101137932      0.16050000000000017
9.49687198670299        0.16264000000000017
9.11476085346088        0.16478000000000018
9.997773741925554       0.16692000000000018
9.180735659893024       0.16906000000000018
10.574636495506097      0.17120000000000019
12.181109573621486      0.1733400000000002
9.39126099455393        0.1754800000000002
9.448852225521662       0.1776200000000002
9.218583016152467       0.1797600000000002
9.207894065237026       0.1819000000000002
11.200189159850568      0.1840400000000002
8.961157768157987       0.1861800000000002
11.249308321369808      0.1883200000000002
11.235660071449368      0.1904600000000002
12.053124946347403      0.19260000000000022
11.207962307906971      0.19474000000000022
11.11845801287521       0.19688000000000022
9.823326321823274       0.19902000000000022
11.165423226911825      0.20116000000000023
7.941857219071895       0.20330000000000023
11.061342100754878      0.20544000000000023
11.047191920723634      0.20758000000000024
10.344857572179665      0.20972000000000024
9.262148103050539       0.21186000000000024
11.002177633171138      0.21400000000000025
11.881014005710444      0.21614000000000025
11.046303319952655      0.21828000000000025
10.054159818279304      0.22042000000000025
9.238219269892515       0.22256000000000026
8.913726102350463       0.22470000000000026
8.958552913422084       0.22684000000000026
9.158487240193244       0.22898000000000027
8.713632323240668       0.23112000000000027
9.135352080830172       0.23326000000000027
10.170076303232477      0.23540000000000028
8.628992163714797       0.23754000000000028
8.50875334834155        0.23968000000000028
9.039640391580187       0.24182000000000028
9.062493946974929       0.2439600000000003
8.621515002180226       0.2461000000000003
11.62034032152875       0.2482400000000003
9.83201599972149        0.25038000000000027
8.982326036680899       0.25252000000000024
8.521717076069041       0.2546600000000002
9.01558953755242        0.2568000000000002
9.000863287762009       0.25894000000000017
8.95077504803337        0.26108000000000015
8.559739229901833       0.2632200000000001
10.678924464599314      0.2653600000000001
8.899609514969832       0.26750000000000007
10.57153006441016       0.26964000000000005
8.304269683145412       0.27178
7.553955406656781       0.27392
10.516560213073129      0.27605999999999997
8.457804753848619       0.27819999999999995
8.522281187462557       0.2803399999999999
8.590194810766203       0.2824799999999999
8.756362879915892       0.2846199999999999
8.766828476034997       0.28675999999999985
9.756685218597301       0.2888999999999998
8.528352463891506       0.2910399999999998
9.721013826468798       0.2931799999999998
11.189478157291614      0.29531999999999975
8.660672783257642       0.2974599999999997
8.465259490359658       0.2995999999999997
8.449296278442072       0.3017399999999997
9.411373474925854       0.30387999999999965
8.066112350037589       0.3060199999999996
7.335845505476851       0.3081599999999996
8.179314097523658       0.3102999999999996
8.604917977504202       0.31243999999999955
8.548248472534638       0.3145799999999995
9.51867675185066        0.3167199999999995
10.131225573628527      0.3188599999999995
9.4808253856237         0.32099999999999945
8.205603346375794       0.3231399999999994
10.138231190976674      0.3252799999999994
8.485389755837058       0.3274199999999994
8.370413409294024       0.32955999999999935
8.41144998243189        0.33169999999999933
8.046408388392988       0.3338399999999993
8.325960057262858       0.3359799999999993
9.32638566974443        0.33811999999999925
9.09517985198216        0.34025999999999923
9.90434593578324        0.3423999999999992
8.308538838195664       0.3445399999999992
8.01971742049922        0.34667999999999916
7.927926772759563       0.34881999999999913
7.910766352746821       0.3509599999999991
7.9677529458367875      0.3530999999999991
8.222426089761187       0.35523999999999906
8.20092540850599        0.35737999999999903
9.127017388925836       0.359519999999999
8.112844857025344       0.361659999999999
10.478332107307319      0.36379999999999896
8.131422166357186       0.36593999999999893
8.14502720081009        0.3680799999999989
8.819777298412083       0.3702199999999989
7.88511379810747        0.37235999999999886
7.867031110166147       0.37449999999999883
9.55875249414222        0.3766399999999988
8.436083338115205       0.3787799999999988
8.416445566632127       0.38091999999999876
7.6469957331069205      0.38305999999999873
9.469454582181083       0.3851999999999987
7.610998706915855       0.3873399999999987
7.873114882844678       0.38947999999999866
7.670968755041592       0.39161999999999864
7.885496847337367       0.3937599999999986
10.118394714619866      0.3958999999999986
9.397790016042746       0.39803999999999856
7.597190712374107       0.40017999999999854
7.812551372900829       0.4023199999999985
8.689073051144916       0.4044599999999985
7.774190458958869       0.40659999999999846
8.461174591424093       0.40873999999999844
7.73015769194051        0.4108799999999984
7.713147040570026       0.4130199999999984
9.15163827728134        0.41515999999999836
7.62577805219131        0.41729999999999834
7.255419537546293       0.4194399999999983
7.635549664387089       0.4215799999999983
8.301780184961762       0.42371999999999826
7.6296496951139465      0.42585999999999824
7.576989742587876       0.4279999999999982
9.05040382615965        0.4301399999999982
7.223464923113957       0.43227999999999817
7.2046371855969795      0.43441999999999814
8.17359354401062        0.4365599999999981
7.304871936706587       0.4386999999999981
8.932587154471026       0.44083999999999807
7.437050688617524       0.44297999999999804
7.246963909414115       0.445119999999998
6.926183485292631       0.447259999999998
7.360809327024143       0.44939999999999797
7.330059036296471       0.45153999999999794
7.287056884786617       0.4536799999999979
7.323187941983052       0.4558199999999979
7.084583277945834       0.45795999999999787
8.65972129481981        0.46009999999999784
8.09804309179398        0.4622399999999978
7.902901992647237       0.4643799999999978
7.597558641122458       0.46651999999999777
7.198059917822383       0.46865999999999775
8.598607703101733       0.4707999999999977
7.108360062102475       0.4729399999999977
7.1215772083805025      0.47507999999999767
6.8229562398273345      0.47721999999999765
8.44533693329935        0.4793599999999976
7.0795784250497045      0.4814999999999976
9.080261798864688       0.48363999999999757
6.745711395594449       0.48577999999999755
8.776326252952671       0.4879199999999975
6.770058030139985       0.4900599999999975
6.978646787720727       0.4921999999999975
6.908178545600314       0.49433999999999745
6.610864851874454       0.4964799999999974
7.540805094408064       0.4986199999999974
6.7373128056797515      0.5007599999999974
8.23609127712763        0.5028999999999975
6.632984692082481       0.5050399999999975
6.819266220700397       0.5071799999999975
6.615248179011591       0.5093199999999976
6.794272719325198       0.5114599999999976
6.805523421120684       0.5135999999999976
6.598613111003466       0.5157399999999976
6.515190420956757       0.5178799999999977
6.715063859738692       0.5200199999999977
7.307458940274866       0.5221599999999977
6.703514246257061       0.5242999999999978
8.320001789940111       0.5264399999999978
5.658029806425414       0.5285799999999978
6.959061023030903       0.5307199999999979
8.480487701470492       0.5328599999999979
8.45434275695978        0.5349999999999979
8.192929900256715       0.537139999999998
6.515328042921346       0.539279999999998
8.142106003908212       0.541419999999998
8.11669794794422        0.543559999999998
7.063440977963518       0.5456999999999981
7.195255118834991       0.5478399999999981
7.700950481942894       0.5499799999999981
7.6248860864285355      0.5521199999999982
6.373500895023475       0.5542599999999982
6.181524209872457       0.5563999999999982
6.377043690672145       0.5585399999999983
5.998718008130136       0.5606799999999983
6.886205450568492       0.5628199999999983
6.864082767762843       0.5649599999999984
6.063369136348839       0.5670999999999984
6.222662610077397       0.5692399999999984
6.182825569105303       0.5713799999999984
6.0632326535482965      0.5735199999999985
7.359731047405433       0.5756599999999985
6.169696360529049       0.5777999999999985
6.856239664192502       0.5799399999999986
6.687472169725285       0.5820799999999986
5.818478614753687       0.5842199999999986
7.239670716049334       0.5863599999999987
6.041622134477974       0.5884999999999987
7.1917530352065056      0.5906399999999987
7.2164642294399455      0.5927799999999988
5.981504355700995       0.5949199999999988
5.673350864748463       0.5970599999999988
5.965727573075396       0.5991999999999988
5.971580298365173       0.6013399999999989
5.882838184514778       0.6034799999999989
6.44608808569884        0.6056199999999989
5.711751571798189       0.607759999999999
6.977026197603002       0.609899999999999
5.845628582702446       0.612039999999999
5.851064604709236       0.6141799999999991
5.615944968142449       0.6163199999999991
6.882137106423486       0.6184599999999991
5.5774379604358835      0.6205999999999992
5.446121516257804       0.6227399999999992
6.811497720484587       0.6248799999999992
5.437165364155524       0.6270199999999992
5.711349177933174       0.6291599999999993
6.740806505278219       0.6312999999999993
5.462406953301491       0.6334399999999993
5.392617389956279       0.6355799999999994
6.670357462406198       0.6377199999999994
5.23031709422327        0.6398599999999994
6.069526058995996       0.6419999999999995
5.526012169638203       0.6441399999999995
5.506471346835667       0.6462799999999995
5.279591967282575       0.6484199999999996
5.467465862576797       0.6505599999999996
5.430717883470597       0.6526999999999996
5.272510052624239       0.6548399999999996
6.9859581967167115      0.6569799999999997
5.397810339937761       0.6591199999999997
5.394555154219458       0.6612599999999997
5.1972581564833575      0.6633999999999998
5.074077588467736       0.6655399999999998
5.336394381563968       0.6676799999999998
5.301166709085644       0.6698199999999999
5.0191393800023265      0.6719599999999999
5.0562793580213645      0.6740999999999999
6.295623969137805       0.67624
5.200043718005996       0.67838
5.491413221046287       0.68052
5.675422734230129       0.68266
5.778225955959633       0.6848000000000001
5.626072151629767       0.6869400000000001
4.927886214193246       0.6890800000000001
4.971981286826023       0.6912200000000002
4.98564520035943        0.6933600000000002
5.072279545486614       0.6955000000000002
5.045885431363973       0.6976400000000003
5.311356339186264       0.6997800000000003
6.287705637119853       0.7019200000000003
4.973740580971578       0.7040600000000004
5.251963741112215       0.7062000000000004
5.5461648558397805      0.7083400000000004
5.892311611187192       0.7104800000000004
4.702183787572196       0.7126200000000005
4.71135160518281        0.7147600000000005
4.783881123533025       0.7169000000000005
4.719681889237354       0.7190400000000006
5.298287472807457       0.7211800000000006
4.58940318092877        0.7233200000000006
5.258003227992668       0.7254600000000007
4.77057774289003        0.7276000000000007
5.732560254887899       0.7297400000000007
4.463421505321952       0.7318800000000008
4.639782637495278       0.7340200000000008
5.628805109800979       0.7361600000000008
4.694577255749671       0.7383000000000008
5.125263254723608       0.7404400000000009
4.921794874639941       0.7425800000000009
4.361118471980378       0.7447200000000009
4.643093165665935       0.746860000000001
4.327306570724172       0.749000000000001
4.4545709174055625      0.751140000000001
5.11647633794847        0.7532800000000011
4.980624557174216       0.7554200000000011
5.450486321978137       0.7575600000000011
4.243424268029558       0.7597000000000012
5.646236117126581       0.7618400000000012
4.486354696198907       0.7639800000000012
4.499741734683907       0.7661200000000012
4.69573979642169        0.7682600000000013
4.446744344589473       0.7704000000000013
4.144012685761681       0.7725400000000013
3.761119680731479       0.7746800000000014
5.224683822767629       0.7768200000000014
4.192323838361622       0.7789600000000014
4.346096150114671       0.7811000000000015
5.162476131367234       0.7832400000000015
4.32257974009926        0.7853800000000015
3.6720203897679955      0.7875200000000016
4.78281484883557        0.7896600000000016
5.340012258492576       0.7918000000000016
4.636591225356957       0.7939400000000016
4.205889737820707       0.7960800000000017
5.018887016717361       0.7982200000000017
5.405311099900398       0.8003600000000017
4.66829192357087        0.8025000000000018
3.950791087828347       0.8046400000000018
4.125145852130365       0.8067800000000018
4.134584990342197       0.8089200000000019
4.107151105379218       0.8110600000000019
4.099751395177815       0.8132000000000019
4.085927734211523       0.815340000000002
5.231910903352266       0.817480000000002
4.851148257112477       0.819620000000002
4.034270831487496       0.821760000000002
3.9242928139304962      0.8239000000000021
3.9758283248414417      0.8260400000000021
3.892067094970178       0.8281800000000021
3.9682853844430817      0.8303200000000022
3.9507270187554875      0.8324600000000022
3.730130369309138       0.8346000000000022
3.918104004267549       0.8367400000000023
3.9030201442989996      0.8388800000000023
3.6381162105016123      0.8410200000000023
3.8722696695122574      0.8431600000000024
4.585101705061449       0.8453000000000024
3.8400777785331566      0.8474400000000024
4.546933035506677       0.8495800000000024
3.791027068755523       0.8517200000000025
3.7631857605220276      0.8538600000000025
3.791123616233142       0.8560000000000025
3.749155749132353       0.8581400000000026
4.452465815155367       0.8602800000000026
3.7288502295864285      0.8624200000000026
3.711600815987279       0.8645600000000027
4.396263781701986       0.8667000000000027
3.5067140609062633      0.8688400000000027
3.5119617189888204      0.8709800000000028
3.648184040411608       0.8731200000000028
4.5435473609956984      0.8752600000000028
3.8074711919066586      0.8774000000000028
4.2857114301902435      0.8795400000000029
4.614694936244282       0.8816800000000029
3.4893375406760665      0.8838200000000029
3.8774356848460534      0.885960000000003
4.555909470785414       0.888100000000003
3.360449922611514       0.890240000000003
4.517019635325338       0.8923800000000031
3.4824944681263688      0.8945200000000031
3.8003437180143647      0.8966600000000031
3.8667756233952697      0.8988000000000032
4.106061855312163       0.9009400000000032
3.2748277583647583      0.9030800000000032
2.9188026576534223      0.9052200000000032
3.39862046631386        0.9073600000000033
4.03569217240102        0.9095000000000033
3.5545333041530447      0.9116400000000033
3.2047049394841416      0.9137800000000034
3.3275761544571894      0.9159200000000034
3.333279541658043       0.9180600000000034
3.1631683626977662      0.9202000000000035
3.093853989240625       0.9223400000000035
3.2899812436015363      0.9244800000000035
4.214586406928493       0.9266200000000036
3.9068060034132053      0.9287600000000036
3.112627506918951       0.9309000000000036
3.2479627358921195      0.9330400000000036
3.114457778717166       0.9351800000000037
3.000492875394498       0.9373200000000037
3.4788977063521473      0.9394600000000037
3.0116671831958586      0.9416000000000038
3.763155433374046       0.9437400000000038
3.1296804848475013      0.9458800000000038
3.115895131563254       0.9480200000000039
2.6627434230104576      0.9501600000000039
3.6971053499078983      0.9523000000000039
3.4515050085987746      0.954440000000004
3.358122824061374       0.956580000000004
3.9451026828674904      0.958720000000004
3.6322489053094804      0.960860000000004
3.041233957388571       0.9630000000000041
3.0396604953596897      0.9651400000000041
3.0142721266007264      0.9672800000000041
3.7505863595471074      0.9694200000000042
2.830375592649          0.9715600000000042
2.8177584412594237      0.9737000000000042
2.5243444207495154      0.9758400000000043
3.6841236283282486      0.9779800000000043
2.9332859766689916      0.9801200000000043
2.92016002027046        0.9822600000000044
3.168821384154953       0.9844000000000044
3.1589145630144393      0.9865400000000044
2.8627998784348665      0.9886800000000044
3.1263529988489935      0.9908200000000045
2.77089239562315        0.9929600000000045
2.842377506377903       0.9951000000000045
2.745999913660362       0.9972400000000046
2.809565553653052       0.9993800000000046
3.6068195609318927      1.0015200000000046
2.784257196546612       1.0036600000000047
2.790938602169382       1.0058000000000047
2.3593730390607943      1.0079400000000047
3.2755118985288836      1.0100800000000048
3.427539082356549       1.0122200000000048
2.729949744169801       1.0143600000000048
2.653266658360941       1.0165000000000048
2.715866737457747       1.0186400000000049
2.6909840563392935      1.020780000000005
2.553118855387215       1.022920000000005
2.90747852381464        1.025060000000005
2.644379768409152       1.027200000000005
2.581593224950537       1.029340000000005
2.493640573095887       1.031480000000005
2.2337325522713405      1.033620000000005
2.529966588753005       1.0357600000000051
2.832531826268629       1.0379000000000052
3.322594167555365       1.0400400000000052
2.1930870363923645      1.0421800000000052
3.2921765944439354      1.0443200000000052
2.548794618253455       1.0464600000000053
2.537077434765271       1.0486000000000053
2.441830575597565       1.0507400000000053
2.4543086313758757      1.0528800000000054
2.427277314088228       1.0550200000000054
2.961476437937747       1.0571600000000054
2.4624207938813023      1.0593000000000055
2.4774315500686015      1.0614400000000055
2.0941372316892597      1.0635800000000055
2.4439211078256378      1.0657200000000056
2.44320858431064        1.0678600000000056
