10.4217516              0.0
8.447391                0.00276
9.673428121654602       0.00552
9.899313244320435       0.00828
11.775699540669784      0.01104
9.900612630522232       0.0138
9.25921896914664        0.01656
11.7607708828868        0.019319999999999997
9.364909906575663       0.022079999999999995
11.744331993330954      0.024839999999999994
10.753581080337879      0.027599999999999993
9.44525964841407        0.03035999999999999
9.820875037140446       0.03311999999999999
9.809930336069762       0.03587999999999999
9.310579770446934       0.03863999999999999
11.669415609574244      0.041399999999999985
9.796727371619689       0.044159999999999984
10.677292595493652      0.04691999999999998
9.539332934168982       0.04967999999999998
9.28990488903029        0.05243999999999998
9.732434808044369       0.05519999999999998
12.494866452973199      0.05795999999999998
11.531854379650321      0.060719999999999975
11.586013988237596      0.06347999999999998
10.158208176440915      0.06623999999999998
9.592725168711212       0.06899999999999998
9.613091226862165       0.07175999999999998
9.589477420095456       0.07451999999999998
10.66430606661037       0.07727999999999997
10.394300062971054      0.08003999999999997
9.449344807709467       0.08279999999999997
9.26219250009766        0.08555999999999997
10.306190734391189      0.08831999999999997
9.033273390760721       0.09107999999999997
8.79572047999044        0.09383999999999997
8.76751136579069        0.09659999999999996
9.030744272641188       0.09935999999999996
9.087945991953635       0.10211999999999996
8.997998718738188       0.10487999999999996
10.98971213443941       0.10763999999999996
9.204810499138524       0.11039999999999996
9.995853759927286       0.11315999999999996
9.068941422128926       0.11591999999999995
10.896432346754247      0.11867999999999995
9.065995064672638       0.12143999999999995
9.496504577742742       0.12419999999999995
8.921987615388424       0.12695999999999996
11.188485965884013      0.12971999999999997
8.906316585254658       0.13248
8.846234623029721       0.13524
11.03887619159714       0.138
8.78749966131667        0.14076000000000002
8.69040722490793        0.14352000000000004
11.195129502965234      0.14628000000000005
8.660841941980875       0.14904000000000006
8.167705554997662       0.15180000000000007
9.021744120065565       0.1545600000000001
7.983596607327741       0.1573200000000001
9.248423068201255       0.1600800000000001
10.552000313815448      0.16284000000000012
7.9552769251118765      0.16560000000000014
8.34715925058164        0.16836000000000015
10.378553117468133      0.17112000000000016
8.219846419535568       0.17388000000000017
8.184707087668853       0.17664000000000019
10.200304453105755      0.1794000000000002
9.646626569371364       0.1821600000000002
8.028193571683481       0.18492000000000022
8.430580506573289       0.18768000000000024
7.727327865158739       0.19044000000000025
9.47601158881441        0.19320000000000026
8.273671324414563       0.19596000000000027
7.4046460699914745      0.19872000000000029
7.765058509246462       0.2014800000000003
7.710936583050791       0.2042400000000003
7.6629682551303215      0.20700000000000032
7.588784700508795       0.20976000000000034
7.502175013736341       0.21252000000000035
8.927282839877332       0.21528000000000036
7.398995458124785       0.21804000000000037
7.051408282516757       0.22080000000000038
8.740428002981682       0.2235600000000004
7.298512747631432       0.2263200000000004
7.274266709063179       0.22908000000000042
7.221115199294331       0.23184000000000043
7.139696522130405       0.23460000000000045
7.083554024932308       0.23736000000000046
7.397662645334186       0.24012000000000047
8.299229218949105       0.24288000000000048
6.895316917615971       0.2456400000000005
6.867857596594459       0.2484000000000005
6.798750197291125       0.2511600000000005
6.762659819565904       0.2539200000000005
6.70897749618652        0.25668000000000046
6.377745646321322       0.25944000000000045
7.9057073213576565      0.26220000000000043
6.550536422740605       0.2649600000000004
6.187715244393312       0.2677200000000004
6.4237925491001056      0.2704800000000004
6.1779068254907274      0.27324000000000037
7.063833281853534       0.27600000000000036
5.35581698593341        0.27876000000000034
6.022371654709857       0.2815200000000003
6.156529074712653       0.2842800000000003
5.218986564233269       0.2870400000000003
7.264007464624493       0.2898000000000003
6.3266763426860875      0.29256000000000026
5.92157879036653        0.29532000000000025
5.769009949062781       0.29808000000000023
7.009815559427176       0.3008400000000002
5.629343645045165       0.3036000000000002
5.560133500135831       0.3063600000000002
6.775037734655438       0.3091200000000002
6.1513108074542915      0.31188000000000016
5.357897720124369       0.31464000000000014
7.124644878239747       0.3174000000000001
5.981236816720662       0.3201600000000001
5.396288337779057       0.3229200000000001
5.225040616683215       0.3256800000000001
5.332791031807463       0.32844000000000007
6.6040279134453135      0.33120000000000005
6.222252092818962       0.33396000000000003
5.6542894930097         0.33672
5.721687866892749       0.33948
5.0589133866458615      0.34224
5.4823985760288245      0.345
5.435571156747782       0.34775999999999996
5.904309311584378       0.35051999999999994
4.650771162398341       0.3532799999999999
4.8124116170569184      0.3560399999999999
5.689625049088306       0.3587999999999999
5.632170947725313       0.3615599999999999
4.706978784315176       0.36431999999999987
4.64052137034357        0.36707999999999985
5.740264286183674       0.36983999999999984
4.531787573524841       0.3725999999999998
4.901187170644207       0.3753599999999998
5.328524809118169       0.3781199999999998
4.4016341528017735      0.3808799999999998
5.182180610303813       0.38363999999999976
5.162287663023297       0.38639999999999974
4.234212607867638       0.38915999999999973
4.020556014824743       0.3919199999999997
4.174544499437077       0.3946799999999997
3.957557753680225       0.3974399999999997
3.990311893337522       0.40019999999999967
3.9090277070527355      0.40295999999999965
3.9684246094570534      0.40571999999999964
4.315604445583834       0.4084799999999996
4.651695404888954       0.4112399999999996
3.6201534980725434      0.4139999999999996
4.549817061623014       0.4167599999999996
4.128979998811317       0.41951999999999956
3.584839405456294       0.42227999999999954
4.4001426779655946      0.42503999999999953
4.380548093541232       0.4277999999999995
3.6169382441659432      0.4305599999999995
3.5617674993711215      0.4333199999999995
3.5513803418165004      0.43607999999999947
3.497430732139815       0.43883999999999945
4.111219128720272       0.44159999999999944
3.4081734484755972      0.4443599999999994
4.2236599393645395      0.4471199999999994
3.164977670734173       0.4498799999999994
3.2800123093829012      0.4526399999999994
4.0798047383494564      0.45539999999999936
3.201932966044002       0.45815999999999935
4.1004213242994165      0.46091999999999933
3.748003174543212       0.4636799999999993
2.656071576453956       0.4664399999999993
3.077745673375202       0.4691999999999993
3.3926866547457157      0.47195999999999927
2.93608761822676        0.47471999999999925
2.8155250687866222      0.47747999999999924
2.782289784150995       0.4802399999999992
3.166264529869886       0.4829999999999992
2.44475853689236        0.4857599999999992
2.415682710312279       0.4885199999999992
2.780772550466153       0.49127999999999916
3.5565990144046253      0.49403999999999915
2.7438499245752097      0.49679999999999913
2.57180419601612        0.4995599999999991
2.647404422552915       0.5023199999999991
2.6237967005069494      0.5050799999999991
2.5861523849285772      0.5078399999999991
2.4951754193832683      0.510599999999999
2.5238019889902072      0.513359999999999
3.004660032036614       0.516119999999999
2.764393111094669       0.518879999999999
2.3912021022497334      0.521639999999999
2.8764626622343585      0.524399999999999
2.841058237416369       0.527159999999999
2.235979731658915       0.529919999999999
2.5433180558147868      0.5326799999999989
1.9628176948498357      0.5354399999999989
2.1985574495854077      0.5381999999999989
2.2456394063239236      0.5409599999999989
2.202797791196712       0.5437199999999989
2.189286881671306       0.5464799999999989
2.0491638954164566      0.5492399999999988
2.5396984146315704      0.5519999999999988
2.3516444122217055      0.5547599999999988
1.7757272940043705      0.5575199999999988
1.9485333860050646      0.5602799999999988
2.611135457126937       0.5630399999999988
1.9578676808665851      0.5657999999999987
1.6880902979781789      0.5685599999999987
1.8965004253419357      0.5713199999999987
1.9379198886050235      0.5740799999999987
2.0794297881861077      0.5768399999999987
2.2373096459868504      0.5795999999999987
1.857789965442904       0.5823599999999987
2.3582224419247355      0.5851199999999986
1.7246408971455027      0.5878799999999986
1.6725993869128792      0.5906399999999986
1.7717930805108497      0.5933999999999986
1.6300984236887686      0.5961599999999986
1.7122344025980039      0.5989199999999986
1.697862414122486       0.6016799999999985
2.154939051976746       0.6044399999999985
1.6153434636596342      0.6071999999999985
1.5644155369983126      0.6099599999999985
1.5997958739916232      0.6127199999999985
1.5841586797560232      0.6154799999999985
1.751219120061713       0.6182399999999985
1.7285435912889542      0.6209999999999984
1.6696207364140174      0.6237599999999984
1.7958472802292167      0.6265199999999984
1.4897096060161876      0.6292799999999984
1.4713762697217694      0.6320399999999984
1.3910749891756122      0.6347999999999984
1.3578924374989372      0.6375599999999984
1.5412803622953155      0.6403199999999983
1.5232093481964892      0.6430799999999983
1.3778060352541022      0.6458399999999983
1.3190479160750426      0.6485999999999983
1.496155453600867       0.6513599999999983
1.5745942963261599      0.6541199999999983
1.5644504760552018      0.6568799999999982
1.221894160294052       0.6596399999999982
1.4190183434851904      0.6623999999999982
1.3684828895348846      0.6651599999999982
1.2356953194399356      0.6679199999999982
1.2221632420810131      0.6706799999999982
1.1560627611662042      0.6734399999999982
1.2526166948537236      0.6761999999999981
1.3972186176852202      0.6789599999999981
1.154368853108869       0.6817199999999981
1.1433598359902752      0.6844799999999981
1.2317972272261646      0.6872399999999981
1.1183698606488073      0.6899999999999981
1.0942446130082575      0.692759999999998
1.0888051776093817      0.695519999999998
1.1675320203150237      0.698279999999998
1.1105268606396492      0.701039999999998
1.2470026074263265      0.703799999999998
0.9970386423226124      0.706559999999998
1.0063325536284298      0.709319999999998
1.1976654938233176      0.7120799999999979
1.0770092925138581      0.7148399999999979
0.9111967147258995      0.7175999999999979
0.9565341803195836      0.7203599999999979
0.9437006086141959      0.7231199999999979
0.9324189476460476      0.7258799999999979
0.92264966384696        0.7286399999999978
0.9032957853762198      0.7313999999999978
0.8979969219874152      0.7341599999999978
0.8819416362908059      0.7369199999999978
0.8700590723237633      0.7396799999999978
0.833654514154088       0.7424399999999978
0.9483084426543369      0.7451999999999978
0.7949437852105624      0.7479599999999977
1.0345381298198786      0.7507199999999977
0.7895278362001187      0.7534799999999977
1.0067512026833492      0.7562399999999977
0.7910489330484609      0.7589999999999977
0.9319813699592027      0.7617599999999977
0.8132928275675317      0.7645199999999976
0.9130437016944205      0.7672799999999976
0.703958435646008       0.7700399999999976
0.9542426320168269      0.7727999999999976
0.7976853714626344      0.7755599999999976
0.7166413163763014      0.7783199999999976
0.7120394488207531      0.7810799999999976
0.765590390625036       0.7838399999999975
0.7561997995738824      0.7865999999999975
0.5828461814714624      0.7893599999999975
0.6740498555718019      0.7921199999999975
0.6677592239304164      0.7948799999999975
0.8435230191254361      0.7976399999999975
0.6277403630494813      0.8003999999999974
0.6354244491780432      0.8031599999999974
0.8094463417338822      0.8059199999999974
0.7433247112472507      0.8086799999999974
0.5979821549392038      0.8114399999999974
0.5841028388680568      0.8141999999999974
0.7084322853192527      0.8169599999999974
0.5874272697044577      0.8197199999999973
0.6938416199325574      0.8224799999999973
0.5416149265079017      0.8252399999999973
0.5930639664256673      0.8279999999999973
0.5849311430530506      0.8307599999999973
0.7052002681377785      0.8335199999999973
0.6431897911905644      0.8362799999999972
0.5948461535967122      0.8390399999999972
0.625645399046439       0.8417999999999972
0.6170735680671048      0.8445599999999972
0.5118357448649907      0.8473199999999972
0.5044373288788948      0.8500799999999972
0.49785278302103086     0.8528399999999972
0.51644543735357        0.8555999999999971
0.4805453126907889      0.8583599999999971
0.5210641968053461      0.8611199999999971
0.513186095653843       0.8638799999999971
0.46450230356699057     0.8666399999999971
0.4546015627643693      0.8693999999999971
0.45178075225775144     0.872159999999997
0.4967542075802523      0.874919999999997
0.4162900009007694      0.877679999999997
0.4230821658732994      0.880439999999997
0.4656323997531602      0.883199999999997
0.4114760328854413      0.885959999999997
0.41437982185526595     0.888719999999997
0.3834918110288202      0.8914799999999969
0.5051970583006602      0.8942399999999969
0.444432714435751       0.8969999999999969
0.38380549060515573     0.8997599999999969
0.4229686837736066      0.9025199999999969
0.37085259660330655     0.9052799999999969
0.4847255380642922      0.9080399999999968
0.36927321961776993     0.9107999999999968
0.4713891852283953      0.9135599999999968
0.46485656656398444     0.9163199999999968
0.4267981880161236      0.9190799999999968
0.29975583150023644     0.9218399999999968
0.41224535552044594     0.9245999999999968
0.34325704858367095     0.9273599999999967
0.33459154978746786     0.9301199999999967
0.3706975652448577      0.9328799999999967
0.38984867843441645     0.9356399999999967
0.30970555418778734     0.9383999999999967
0.3790952680462472      0.9411599999999967
0.40422777692963946     0.9439199999999967
0.3100272970216806      0.9466799999999966
0.3036540396317234      0.9494399999999966
0.3767854239868881      0.9521999999999966
0.32390623888410996     0.9549599999999966
0.29116171858602025     0.9577199999999966
0.2868561103504342      0.9604799999999966
0.3109983263686849      0.9632399999999965
0.27917565168570047     0.9659999999999965
0.301989248433309       0.9687599999999965
0.2557077201418583      0.9715199999999965
0.2553218284755141      0.9742799999999965
0.28994199669115567     0.9770399999999965
0.2756183809884593      0.9797999999999965
0.2815349158554339      0.9825599999999964
0.2540248870071886      0.9853199999999964
0.24371305419694128     0.9880799999999964
0.2762036852841531      0.9908399999999964
0.23849876273372206     0.9935999999999964
0.3010488425794939      0.9963599999999964
0.25913990851533597     0.9991199999999963
0.19966603316853793     1.0018799999999963
0.2886228153073922      1.0046399999999964
0.28459446291795143     1.0073999999999965
0.22452667833302234     1.0101599999999966
0.2147634082313059      1.0129199999999967
0.21820957138796995     1.0156799999999968
0.20812809019232775     1.018439999999997
0.23157334592189874     1.021199999999997
0.2091303487293802      1.023959999999997
0.2453638510147422      1.0267199999999972
0.19673792164155335     1.0294799999999973
0.19108303005563268     1.0322399999999974
0.19768192612947919     1.0349999999999975
0.19374024779799845     1.0377599999999976
0.2144337661376771      1.0405199999999977
0.1883595396533538      1.0432799999999978
0.23370364122530032     1.0460399999999979
0.18437157734593698     1.048799999999998
0.1741389332051033      1.051559999999998
0.17995459719297216     1.0543199999999981
0.17673975042699971     1.0570799999999982
0.1684989631192877      1.0598399999999983
0.1607652676723005      1.0625999999999984
0.16381430391355653     1.0653599999999985
0.14241871108236095     1.0681199999999986
0.1592587633228845      1.0708799999999987
0.15467673837657583     1.0736399999999988
0.17853128665296883     1.076399999999999
0.15788487361638792     1.079159999999999
0.18509309407749233     1.081919999999999
0.18373816843935664     1.0846799999999992
0.1799422004145749      1.0874399999999993
0.1482122667782069      1.0901999999999994
0.14225920790056865     1.0929599999999995
0.14496234080809012     1.0957199999999996
0.14297254072624335     1.0984799999999997
0.13194800454099068     1.1012399999999998
0.1324340415697374      1.1039999999999999
0.1762719885231257      1.10676
0.1350798810626664      1.10952
0.15954391317699754     1.1122800000000002
0.15730584469863163     1.1150400000000003
0.12527913869461743     1.1178000000000003
0.14243104409576393     1.1205600000000004
0.14976677712181596     1.1233200000000005
0.12381758123884465     1.1260800000000006
0.12207986515423527     1.1288400000000007
0.114377946535748       1.1316000000000008
0.12520107975787476     1.134360000000001
0.11727804599678636     1.137120000000001
0.11563153047226402     1.1398800000000011
0.11331906572723663     1.1426400000000012
0.13374598289072231     1.1454000000000013
0.10507468495999363     1.1481600000000014
0.12191748628489855     1.1509200000000015
0.1386196468164183      1.1536800000000016
0.10548838024890099     1.1564400000000017
0.104763002385726       1.1592000000000018
0.11274459942690712     1.1619600000000019
0.12195900284563964     1.164720000000002
0.10045090344861834     1.167480000000002
0.10417170153403482     1.1702400000000022
0.09251205490204539     1.1730000000000023
0.09584448565919684     1.1757600000000024
0.09178091847788317     1.1785200000000025
0.12032865510833678     1.1812800000000026
0.09199660130069609     1.1840400000000026
0.09568978914552322     1.1868000000000027
0.07647132921407167     1.1895600000000028
0.08878380651205893     1.192320000000003
0.09171024881971772     1.195080000000003
0.08590459508947383     1.1978400000000031
0.08072484524759463     1.2006000000000032
0.08389437339953887     1.2033600000000033
0.10593084358356068     1.2061200000000034
0.0769588691606125      1.2088800000000035
0.07984903288496085     1.2116400000000036
0.07892911546475129     1.2144000000000037
0.0745737897372877      1.2171600000000038
0.0762377710015025      1.219920000000004
0.07533745662876527     1.222680000000004
0.07404184731976513     1.225440000000004
0.08746380235155293     1.2282000000000042
0.06907617913316359     1.2309600000000043
0.07102316764854005     1.2337200000000044
0.0659612487665081      1.2364800000000045
0.06945795511070256     1.2392400000000046
0.07466827381319646     1.2420000000000047
0.07371768579235843     1.2447600000000048
0.06461932191741998     1.2475200000000048
0.07808802860685207     1.250280000000005
0.07751129653808085     1.253040000000005
0.07978962806136823     1.2558000000000051
0.06294130385357097     1.2585600000000052
0.07428354869912553     1.2613200000000053
0.06090768269490951     1.2640800000000054
0.059912806009448594    1.2668400000000055
0.057502619487566936    1.2696000000000056
0.06397287762033405     1.2723600000000057
0.05476735162010506     1.2751200000000058
0.06776462259504348     1.277880000000006
0.05486162212335897     1.280640000000006
0.0537408931469723      1.283400000000006
0.054834530923979836    1.2861600000000062
0.052237738635209544    1.2889200000000063
0.06312771953554908     1.2916800000000064
0.05505617306329592     1.2944400000000065
0.04943382120298116     1.2972000000000066
0.05543728085254366     1.2999600000000067
0.052762093347824064    1.3027200000000068
0.049420688086912       1.3054800000000069
0.06094102043800326     1.308240000000007
0.05754517031325202     1.311000000000007
0.05284194097789136     1.3137600000000071
0.05098245292674752     1.3165200000000072
0.04586256336768232     1.3192800000000073
0.049555829851835445    1.3220400000000074
0.043438861241478915    1.3248000000000075
0.03763916243920886     1.3275600000000076
0.03710874361228796     1.3303200000000077
0.046757233917707926    1.3330800000000078
0.04609827977332327     1.335840000000008
0.05213310762095095     1.338600000000008
0.04015118524729609     1.341360000000008
0.04070419897910896     1.3441200000000082
0.03970309578349506     1.3468800000000083
0.039393152134312236    1.3496400000000084
0.03885403818668261     1.3524000000000085
0.03829042198933496     1.3551600000000086
0.035969697635838946    1.3579200000000087
0.03723398412776215     1.3606800000000088
0.035163704158899335    1.3634400000000089
0.04653249384426158     1.366200000000009
0.039782156543608685    1.368960000000009
0.035153231397933374    1.3717200000000092
0.03452713249360955     1.3744800000000092
0.0343280940168148      1.3772400000000093
