10.810620000000002      0.0
8.447391                0.0046
9.60646511478438        0.0092
10.787330252882835      0.0138
9.565068360064979       0.0184
9.793656541925268       0.023
9.451789199675487       0.0276
9.717216127192248       0.0322
9.189978519161128       0.0368
9.284367946721504       0.0414
11.852474876756181      0.046
9.423214477969132       0.0506
10.12543733803723       0.0552
10.89806149977643       0.0598
8.567630252580317       0.0644
8.906616622817168       0.069
10.967929461320525      0.0736
8.625138696290076       0.07819999999999999
8.455521208015034       0.08279999999999998
8.357575892241043       0.08739999999999998
6.959849044400479       0.09199999999999997
9.573560636075863       0.09659999999999996
8.540407875981307       0.10119999999999996
8.533646684181951       0.10579999999999995
7.864840896796628       0.11039999999999994
6.990965525507755       0.11499999999999994
8.895136133841138       0.11959999999999993
6.487951853605828       0.12419999999999992
6.699089125993197       0.12879999999999991
6.536924266806038       0.1333999999999999
6.712573704015084       0.1379999999999999
7.368980900087573       0.1425999999999999
6.3258715821593325      0.1471999999999999
5.6571797455509465      0.15179999999999988
6.718687623697569       0.15639999999999987
5.961629870687606       0.16099999999999987
5.290462365502236       0.16559999999999986
5.139479594560447       0.17019999999999985
4.711603332837975       0.17479999999999984
4.775395714330774       0.17939999999999984
4.607533988570724       0.18399999999999983
5.718197949846321       0.18859999999999982
4.671485105344068       0.19319999999999982
4.500906943643551       0.1977999999999998
3.8588007684075847      0.2023999999999998
3.8270458824228233      0.2069999999999998
3.5960185458700824      0.2115999999999998
3.514463034290189       0.21619999999999978
4.376258335937573       0.22079999999999977
3.567634128736962       0.22539999999999977
3.036002538579873       0.22999999999999976
2.990887273998914       0.23459999999999975
2.9031839138950337      0.23919999999999975
3.466517100152131       0.24379999999999974
2.6389252897267035      0.24839999999999973
3.0303640667475036      0.2529999999999997
2.9034284464173385      0.2575999999999997
2.321036439322151       0.2621999999999997
2.2328045701596633      0.2667999999999997
2.338918491376158       0.2713999999999997
2.2351776430004073      0.2759999999999997
2.333453397464135       0.2805999999999997
1.8762798164170316      0.2851999999999997
1.7948402670509696      0.28979999999999967
1.913005518926825       0.29439999999999966
1.6010890672981368      0.29899999999999965
1.562287400439064       0.30359999999999965
1.4182579530284796      0.30819999999999964
1.7870713410074521      0.31279999999999963
1.5223770507694951      0.3173999999999996
1.422439371597096       0.3219999999999996
1.235051212675354       0.3265999999999996
1.1313640996033711      0.3311999999999996
1.4168130230442488      0.3357999999999996
1.2861046426025768      0.3403999999999996
1.0240286748891232      0.3449999999999996
0.9325556725146407      0.3495999999999996
1.1162810060088248      0.35419999999999957
1.064488765700041       0.35879999999999956
1.021906496541917       0.36339999999999956
1.0464723506672244      0.36799999999999955
0.8161224511537832      0.37259999999999954
0.7425240163018828      0.37719999999999954
0.66785854980621        0.38179999999999953
0.6517039652222023      0.3863999999999995
0.6097440692595577      0.3909999999999995
0.5917539179433388      0.3955999999999995
0.5638085723537399      0.4001999999999995
0.5180732264858506      0.4047999999999995
0.588111738305497       0.4093999999999995
0.49057763123639314     0.4139999999999995
0.569043165978524       0.4185999999999995
0.5082172478065367      0.42319999999999947
0.4061736464061398      0.42779999999999946
0.3960159977217839      0.43239999999999945
0.43893083073310235     0.43699999999999944
0.3590907215603545      0.44159999999999944
0.4243970093093963      0.44619999999999943
0.28974067588024255     0.4507999999999994
0.38471023205527183     0.4553999999999994
0.3078210358166635      0.4599999999999994
0.36651731222465367     0.4645999999999994
0.2708043975205327      0.4691999999999994
0.26394560324533517     0.4737999999999994
0.2527727968157904      0.4783999999999994
0.28821944183931353     0.4829999999999994
0.21441974681334058     0.48759999999999937
0.21812411091911013     0.49219999999999936
0.2594685474686008      0.49679999999999935
0.1916662071320177      0.5013999999999994
0.22357742399208588     0.5059999999999995
0.17359688147256067     0.5105999999999995
0.17023336381698606     0.5151999999999995
0.17046645653371223     0.5197999999999996
0.16221880584265144     0.5243999999999996
0.16362873058403032     0.5289999999999997
0.14020547054513297     0.5335999999999997
0.15800481510430953     0.5381999999999998
0.11831046080834677     0.5427999999999998
0.14403123083740382     0.5473999999999999
0.10711676039713755     0.5519999999999999
0.10375138918688188     0.5566
0.12323665459509188     0.5612
0.10995216832950065     0.5658000000000001
0.07999608213615633     0.5704000000000001
0.08352753248869893     0.5750000000000002
0.08490330520948088     0.5796000000000002
0.09608875090948638     0.5842000000000003
0.09141603756920999     0.5888000000000003
0.07311854240936326     0.5934000000000004
0.06938511378162707     0.5980000000000004
0.06647055500226848     0.6026000000000005
0.05370262574431804     0.6072000000000005
0.06681373162646587     0.6118000000000006
0.05675630605317004     0.6164000000000006
0.046240819827629606    0.6210000000000007
0.06634181434679634     0.6256000000000007
0.058760681144480915    0.6302000000000008
0.046489508776172805    0.6348000000000008
0.048405068071686146    0.6394000000000009
0.04242911846603095     0.6440000000000009
0.04036330893581428     0.648600000000001
0.03663702021257906     0.653200000000001
0.0348528449294436      0.657800000000001
0.03640616202620565     0.6624000000000011
0.035876255118891406    0.6670000000000011
0.037242272652399586    0.6716000000000012
0.029091858883434664    0.6762000000000012
0.028128680528982267    0.6808000000000013
0.02696397179867517     0.6854000000000013
0.030498874119676517    0.6900000000000014
0.024290945591214086    0.6946000000000014
0.02319447966498351     0.6992000000000015
0.02625366395748467     0.7038000000000015
0.027004930272024268    0.7084000000000016
0.021015227736195748    0.7130000000000016
0.02073675850497415     0.7176000000000017
0.01691557788057877     0.7222000000000017
0.02149477657526458     0.7268000000000018
0.018239810686658097    0.7314000000000018
0.015096095086560098    0.7360000000000019
0.014180083415577697    0.7406000000000019
0.013986422635877339    0.745200000000002
0.012690399303707332    0.749800000000002
0.015149740175149777    0.7544000000000021
0.013513362412040996    0.7590000000000021
0.011441324305566962    0.7636000000000022
0.010967086969822284    0.7682000000000022
0.009883580357474414    0.7728000000000023
0.009451376855015134    0.7774000000000023
0.011223897630359763    0.7820000000000024
0.01001106742330639     0.7866000000000024
0.007281840138701671    0.7912000000000025
0.009660027731372317    0.7958000000000025
0.007758758854479197    0.8004000000000026
0.008799978120454438    0.8050000000000026
0.006783405472109224    0.8096000000000027
0.006431548122869345    0.8142000000000027
0.0069034160156358874   0.8188000000000027
0.0058193971305987875   0.8234000000000028
0.0056812807661034805   0.8280000000000028
0.005429427136001967    0.8326000000000029
0.005140514962763587    0.8372000000000029
0.005858807224219889    0.841800000000003
0.004489672683097337    0.846400000000003
0.0043528660796054      0.8510000000000031
0.0041138675316553285   0.8556000000000031
0.004006713764061696    0.8602000000000032
0.004278147054017115    0.8648000000000032
0.0039823415502940164   0.8694000000000033
0.0033569846107677124   0.8740000000000033
0.0032772883493390114   0.8786000000000034
0.0031319844833397528   0.8832000000000034
0.002974743743628282    0.8878000000000035
0.0033794954593948947   0.8924000000000035
0.003014384348733814    0.8970000000000036
0.003057901136223787    0.9016000000000036
0.0022887956293863353   0.9062000000000037
0.002316508134504848    0.9108000000000037
0.0022133909889222162   0.9154000000000038
0.0022940056778845      0.9200000000000038
0.001897348676222218    0.9246000000000039
0.0022649771959716123   0.9292000000000039
0.0022647265536064813   0.933800000000004
0.0017303992361204976   0.938400000000004
0.0016007242452777848   0.9430000000000041
0.0015128234640193244   0.9476000000000041
0.0016539110917916052   0.9522000000000042
0.001537448862419426    0.9568000000000042
0.001310443899753339    0.9614000000000043
0.0015180503421077596   0.9660000000000043
0.0011505433689348117   0.9706000000000043
0.0013735247358702307   0.9752000000000044
0.0013733139575844548   0.9798000000000044
0.001010592547056731    0.9844000000000045
0.0009644175123275921   0.9890000000000045
0.0011244400567078613   0.9936000000000046
0.0008697625142808789   0.9982000000000046
0.0008149340655544562   1.0028000000000046
0.0008138898287173001   1.0074000000000045
0.000748556867329268    1.0120000000000045
0.0006889960308425546   1.0166000000000044
0.0005971907413685981   1.0212000000000043
0.0007975880176719105   1.0258000000000043
0.0006187866532010463   1.0304000000000042
0.0005711490844866326   1.0350000000000041
0.0007167052165566046   1.039600000000004
0.0006485696823241595   1.044200000000004
0.0005165211815273958   1.048800000000004
0.0005867965884984617   1.0534000000000039
0.00043922440779218695  1.0580000000000038
0.00042305367077655784  1.0626000000000038
0.00042474973428610255  1.0672000000000037
0.0004040241448637421   1.0718000000000036
0.00038403587768725205  1.0764000000000036
0.0003481666840848598   1.0810000000000035
0.0003394941317262941   1.0856000000000035
0.0003168289853450812   1.0902000000000034
0.00029964673923273035  1.0948000000000033
0.0002992623469096053   1.0994000000000033
0.0002663348334836435   1.1040000000000032
0.0002687028464482354   1.1086000000000031
0.00030623260981371946  1.113200000000003
0.00024389354941161214  1.117800000000003
0.00024511164514568194  1.122400000000003
0.00021000651635937845  1.1270000000000029
0.00025069599221822213  1.1316000000000028
0.000210953070364911    1.1362000000000028
0.0001816977765444513   1.1408000000000027
0.00017545934894383632  1.1454000000000026
0.00020662390236346869  1.1500000000000026
0.00019521674040217017  1.1546000000000025
0.00015498362533563817  1.1592000000000025
0.00014363892335377554  1.1638000000000024
0.0001403522841231826   1.1684000000000023
0.00013435528223939173  1.1730000000000023
0.0001268765422275347   1.1776000000000022
0.0001220930901095727   1.1822000000000021
0.00011613548502734972  1.186800000000002
0.0001226811355140436   1.191400000000002
8.923356764476011e-05   1.196000000000002
9.94875586321257e-05    1.2006000000000019
9.156654416872912e-05   1.2052000000000018
8.534197773247403e-05   1.2098000000000018
9.012425228498188e-05   1.2144000000000017
9.691002411160108e-05   1.2190000000000016
7.783152430507911e-05   1.2236000000000016
7.324522859740459e-05   1.2282000000000015
6.848534262241302e-05   1.2328000000000015
6.391310926505245e-05   1.2374000000000014
6.318221336322605e-05   1.2420000000000013
5.648307789141604e-05   1.2466000000000013
7.177010011368863e-05   1.2512000000000012
5.420460308503755e-05   1.2558000000000011
6.17753317757377e-05    1.260400000000001
4.706988964167852e-05   1.265000000000001
5.241219871828662e-05   1.269600000000001
4.468373419179397e-05   1.2742000000000009
4.7422004584429625e-05  1.2788000000000008
4.4082554927711295e-05  1.2834000000000008
4.1931511309453384e-05  1.2880000000000007
3.42496417652427e-05    1.2926000000000006
3.4584853080819553e-05  1.2972000000000006
3.1726539442291645e-05  1.3018000000000005
3.12920082994407e-05    1.3064000000000004
2.9765088948558484e-05  1.3110000000000004
2.8287530668636924e-05  1.3156000000000003
2.851927160574064e-05   1.3202000000000003
2.4564164108928548e-05  1.3248000000000002
2.67667595544161e-05    1.3294000000000001
2.793396365002412e-05   1.334
2.1462295892165315e-05  1.3386
2.041502495757431e-05   1.3432
2.0069170747263954e-05  1.3477999999999999
1.8974522074633306e-05  1.3523999999999998
1.9799155651673674e-05  1.3569999999999998
1.637558825882941e-05   1.3615999999999997
1.538281777853534e-05   1.3661999999999996
1.859452222530357e-05   1.3707999999999996
1.409347539363086e-05   1.3753999999999995
1.2063653786975514e-05  1.3799999999999994
1.3141092040024355e-05  1.3845999999999994
1.2419419610421051e-05  1.3891999999999993
1.2226000574141693e-05  1.3937999999999993
1.4893573920607004e-05  1.3983999999999992
1.0554675387526302e-05  1.4029999999999991
1.0410116453946064e-05  1.407599999999999
1.0486077551325153e-05  1.412199999999999
1.0346576484302263e-05  1.416799999999999
8.95139792698453e-06    1.4213999999999989
8.580102894426602e-06   1.4259999999999988
7.732195006501108e-06   1.4305999999999988
8.655395613948259e-06   1.4351999999999987
7.073504900731997e-06   1.4397999999999986
9.031006357513327e-06   1.4443999999999986
6.676539117871272e-06   1.4489999999999985
6.144963962738146e-06   1.4535999999999984
7.772438698381539e-06   1.4581999999999984
5.380022470564683e-06   1.4627999999999983
6.547426319200243e-06   1.4673999999999983
5.668782101456493e-06   1.4719999999999982
4.71340721828609e-06    1.4765999999999981
5.248365959594459e-06   1.481199999999998
4.474465271029616e-06   1.485799999999998
4.2266535243307326e-06  1.490399999999998
4.051336109685515e-06   1.4949999999999979
3.836401855241256e-06   1.4995999999999978
3.4912203600169177e-06  1.5041999999999978
4.357853973534631e-06   1.5087999999999977
3.315221163370552e-06   1.5133999999999976
3.7511273285052657e-06  1.5179999999999976
2.999576459305331e-06   1.5225999999999975
2.7186032883994215e-06  1.5271999999999974
2.855812791613772e-06   1.5317999999999974
2.5928040360909677e-06  1.5363999999999973
2.353186929475726e-06   1.5409999999999973
3.0044010899714913e-06  1.5455999999999972
2.129138217452642e-06   1.5501999999999971
2.0509504401668364e-06  1.554799999999997
1.9508724689511323e-06  1.559399999999997
2.0843184415779704e-06  1.563999999999997
1.805717474560158e-06   1.5685999999999969
2.058004770341437e-06   1.5731999999999968
1.5403768147415065e-06  1.5777999999999968
1.647178208639204e-06   1.5823999999999967
1.4889905204427123e-06  1.5869999999999966
1.6847723656694846e-06  1.5915999999999966
1.4176261866205663e-06  1.5961999999999965
1.3484518403777912e-06  1.6007999999999964
1.449981194087968e-06   1.6053999999999964
1.0852829099405881e-06  1.6099999999999963
1.0453252071819463e-06  1.6145999999999963
9.943176191400838e-07   1.6191999999999962
9.9830274898828e-07     1.6237999999999961
8.996478796914786e-07   1.628399999999996
8.602828138781149e-07   1.632999999999996
8.334547025945227e-07   1.637599999999996
7.902083975678664e-07   1.6421999999999959
8.481691095134637e-07   1.6467999999999958
7.219498372473991e-07   1.6513999999999958
7.028595583753017e-07   1.6559999999999957
8.361904792761976e-07   1.6605999999999956
6.173398004105834e-07   1.6651999999999956
6.050883069349311e-07   1.6697999999999955
5.780708710325655e-07   1.6743999999999954
4.6695005646313345e-07  1.6789999999999954
5.676499479791986e-07   1.6835999999999953
5.892358932724661e-07   1.6881999999999953
4.958036153161771e-07   1.6927999999999952
5.331342907074266e-07   1.6973999999999951
4.653363684958834e-07   1.701999999999995
3.9225962599443776e-07  1.706599999999995
3.74335827257255e-07    1.711199999999995
4.5876445597095024e-07  1.7157999999999949
3.8094461816484684e-07  1.7203999999999948
3.181302260824026e-07   1.7249999999999948
3.026067745182104e-07   1.7295999999999947
2.846871972225884e-07   1.7341999999999946
2.8497356074197454e-07  1.7387999999999946
2.700453866469985e-07   1.7433999999999945
3.232255926701555e-07   1.7479999999999944
2.3305734111325192e-07  1.7525999999999944
2.608836735971565e-07   1.7571999999999943
2.2087456930147909e-07  1.7617999999999943
2.0470660771787052e-07  1.7663999999999942
2.1181796458520807e-07  1.7709999999999941
2.0871556518198276e-07  1.775599999999994
2.0314936096923476e-07  1.780199999999994
1.7254178523629096e-07  1.784799999999994
1.4055280559475137e-07  1.7893999999999939
1.5681572535161336e-07  1.7939999999999938
1.4563501555984412e-07  1.7985999999999938
1.5480631054742845e-07  1.8031999999999937
1.6868015621128052e-07  1.8077999999999936
1.604492566364257e-07   1.8123999999999936
1.3614608536851592e-07  1.8169999999999935
1.1340556366194772e-07  1.8215999999999934
1.0964218452864216e-07  1.8261999999999934
1.0509433271788992e-07  1.8307999999999933
9.920306670483825e-08   1.8353999999999933
9.546291586559619e-08   1.8399999999999932
9.038382738584261e-08   1.8445999999999931
8.399948412543488e-08   1.849199999999993
8.183664986194826e-08   1.853799999999993
9.255476712985988e-08   1.858399999999993
8.078800351185578e-08   1.8629999999999929
9.055610699576278e-08   1.8675999999999928
6.679472605419789e-08   1.8721999999999928
6.368053330696455e-08   1.8767999999999927
6.059118981340816e-08   1.8813999999999926
5.5932265766003297e-08  1.8859999999999926
5.1960593888722424e-08  1.8905999999999925
5.093469515303841e-08   1.8951999999999924
5.9401798425813726e-08  1.8997999999999924
6.068864430277543e-08   1.9043999999999923
4.300840763526992e-08   1.9089999999999923
4.241935495020144e-08   1.9135999999999922
3.800857796498747e-08   1.9181999999999921
3.680315537113898e-08   1.922799999999992
4.399890406630469e-08   1.927399999999992
3.494783729252049e-08   1.931999999999992
3.338740319946965e-08   1.9365999999999919
3.446739112344943e-08   1.9411999999999918
2.850746843865437e-08   1.9457999999999918
3.403225490474782e-08   1.9503999999999917
2.5793249708172538e-08  1.9549999999999916
2.56989456527279e-08    1.9595999999999916
2.4559325147777143e-08  1.9641999999999915
2.7859147724768716e-08  1.9687999999999914
2.2375475765556986e-08  1.9733999999999914
2.537772379120895e-08   1.9779999999999913
2.0011692778574287e-08  1.9825999999999913
1.6353436803839827e-08  1.9871999999999912
1.8163989721209362e-08  1.9917999999999911
1.6442560497864634e-08  1.996399999999991
1.601419780246971e-08   2.000999999999991
1.5596897950333146e-08  2.005599999999991
1.4835833736240645e-08  2.010199999999991
1.3782446919243795e-08  2.014799999999991
1.2803773505254412e-08  2.0193999999999908
1.231391376865787e-08   2.0239999999999907
1.227599890540887e-08   2.0285999999999906
1.114149856373814e-08   2.0331999999999906
1.0351377595085865e-08  2.0377999999999905
1.0023089137423113e-08  2.0423999999999904
9.365814443995645e-09   2.0469999999999904
9.493292717266398e-09   2.0515999999999903
9.050683129530058e-09   2.0561999999999903
8.589430764871507e-09   2.06079999999999
8.18896371281852e-09    2.06539999999999
7.293134416386237e-09   2.06999999999999
9.267003578088406e-09   2.07459999999999
6.885924948802291e-09   2.07919999999999
7.0562694906328714e-09  2.08379999999999
6.362188782915723e-09   2.08839999999999
6.613644871755753e-09   2.0929999999999898
5.773705036276055e-09   2.0975999999999897
5.983954339150444e-09   2.1021999999999896
4.453746622523624e-09   2.1067999999999896
5.90840995773334e-09    2.1113999999999895
4.422331780773447e-09   2.1159999999999894
5.3458652620186345e-09  2.1205999999999894
4.096546062370976e-09   2.1251999999999893
4.4323146992653054e-09  2.1297999999999893
3.843282149546212e-09   2.134399999999989
4.4058771371418e-09     2.138999999999989
4.162637434980354e-09   2.143599999999989
3.3277876077875136e-09  2.148199999999989
3.791871612781606e-09   2.152799999999989
3.004083650282041e-09   2.157399999999989
2.7982633238368137e-09  2.161999999999989
3.241566876521773e-09   2.1665999999999888
2.531838462902236e-09   2.1711999999999887
2.687616905916457e-09   2.1757999999999886
2.7898202007214932e-09  2.1803999999999886
2.869481972673782e-09   2.1849999999999885
2.1085595606002983e-09  2.1895999999999884
2.4009297081857283e-09  2.1941999999999884
1.7971217314283194e-09  2.1987999999999883
1.9907175747846394e-09  2.2033999999999883
1.7371703251001236e-09  2.207999999999988
1.5466727898427735e-09  2.212599999999988
1.8695957685395115e-09  2.217199999999988
1.501591917474343e-09   2.221799999999988
1.4163467563221844e-09  2.226399999999988
1.35272960619659e-09    2.230999999999988
1.2568059505918327e-09  2.235599999999988
1.1600494815411366e-09  2.2401999999999878
1.3848675164851443e-09  2.2447999999999877
1.1652747470947133e-09  2.2493999999999876
1.022255492522106e-09   2.2539999999999876
1.0016713920535382e-09  2.2585999999999875
9.219182467035125e-10   2.2631999999999874
9.028888845463712e-10   2.2677999999999874
8.368622000176628e-10   2.2723999999999873
8.20255456801533e-10    2.2769999999999873
7.547217686987295e-10   2.281599999999987
7.202371294923182e-10   2.286199999999987
9.080282330842238e-10   2.290799999999987
6.744221821008977e-10   2.295399999999987
